1	0.0010646	100000						
0.999012326	0.0013681	344340						
0.997985145	0.0017047	658990						
0.996997472	0.0020744	1051800						
0.995970291	0.0024773	1530800						
0.994982617	0.0029136	2104000						
0.993994943	0.0033834	2779500						
0.992967762	0.0038868	3565500						
0.991980088	0.0044238	4470200						
0.990992415	0.0049947	5502000						
0.989965234	0.0055994	6669300						
0.98897756	0.0062382	7980600						
0.987950379	0.006911	9444400						
0.986962705	0.007618	11069000						
0.985975032	0.0083594	12864000						
0.984947851	0.0091351	14838000						
0.983960177	0.0099453	16999000						
0.982932996	0.01079	19356000						
0.981945322	0.011669	21919000						
0.980957649	0.012584	24696000						
0.979930468	0.013532	27697000						
0.978942794	0.014516	30930000						
0.977915613	0.015535	34406000						
0.976927939	0.016589	38133000						
0.975940265	0.017678	42121000						
0.974913085	0.018802	46380000						
0.973925411	0.019961	50918000						
0.972937737	0.021156	55746000						
0.971910556	0.022386	60873000						
0.970922882	0.023652	66309000						
0.969895702	0.024953	72064000						
0.968908028	0.026289	78148000						
0.967920354	0.027662	84571000						
0.966893173	0.02907	91343000						
0.965905499	0.030513	98473000						
0.964878319	0.031993	105970000						
0.963890645	0.033508	113850000						
0.962902971	0.035059	122120000						
0.96187579	0.036646	130790000						
0.960888116	0.038269	139870000						
0.959900442	0.039928	149370000						
0.958873262	0.041624	159300000						
0.957885588	0.043355	169680000						
0.956858407	0.045122	180510000						
0.955870733	0.046926	191800000						
0.954883059	0.048765	203570000						
0.953855879	0.050641	215820000						
0.952868205	0.052553	228570000						
0.951841024	0.054502	241830000						
0.95085335	0.056487	255610000						
0.949865676	0.058508	269910000						
0.948838496	0.060565	284760000						
0.947850822	0.062659	300160000						
0.946823641	0.064789	316130000						
0.945835967	0.066956	332670000						
0.944848293	0.069158	349800000						
0.943821113	0.071398	367520000						
0.942833439	0.073674	385860000						
0.941845765	0.075986	404820000						
0.940818584	0.078335	424410000						
0.93983091	0.08072	444640000						
0.938803729	0.083141	465540000						
0.937816056	0.085599	487100000						
0.936828382	0.088094	509350000						
0.935801201	0.090625	532280000						
0.934813527	0.093192	555930000						
0.933786346	0.095796	580290000						
0.932798673	0.098436	605380000						
0.931810999	0.10111	631210000						
0.930783818	0.10383	657790000						
0.929796144	0.10658	685150000						
0.928768963	0.10936	713280000						
0.92778129	0.11218	742200000						
0.926793616	0.11504	771930000						
0.925766435	0.11794	802470000						
0.924778761	0.12087	833840000						
0.923791087	0.12384	866050000						
0.922763906	0.12684	899120000						
0.921776233	0.12988	933060000						
0.920749052	0.13296	967870000						
0.919761378	0.13607	1003600000						
0.918773704	0.13922	1040200000						
0.917746523	0.1424	1077700000						
0.91675885	0.14563	1116200000						
0.915731669	0.14888	1155600000						
0.914743995	0.15218	1196000000						
0.913756321	0.1555	1237300000						
0.91272914	0.15887	1279600000						
0.911741466	0.16227	1322900000						
0.910714286	0.16571	1367300000						
0.909726612	0.16918	1412600000						
0.908738938	0.17269	1459000000						
0.907711757	0.17623	1506500000						
0.906724083	0.17981	1555000000						
0.90573641	0.18343	1604600000						
0.904709229	0.18708	1655200000						
0.903721555	0.19077	1707000000						
0.902694374	0.19449	1759900000						
0.9017067	0.19825	1813900000						
0.900719027	0.20204	1869100000						
0.899691846	0.20587	1925400000						
0.898704172	0.20974	1983000000						
0.897676991	0.21364	2041600000						
0.896689317	0.21757	2101500000						
0.895701643	0.22154	2162600000						
0.894674463	0.22555	2225000000						
0.893686789	0.22959	2288600000						
0.892659608	0.23366	2353400000						
0.891671934	0.23777	2419500000						
0.89068426	0.24191	2486900000						
0.88965708	0.24609	2555600000						
0.888669406	0.25031	2625600000						
0.887681732	0.25456	2696900000						
0.886654551	0.25884	2769500000						
0.885666877	0.26316	2843600000						
0.884639697	0.26751	2918900000						
0.883652023	0.27189	2995700000						
0.882664349	0.27631	3073900000						
0.881637168	0.28077	3153400000						
0.880649494	0.28526	3234400000						
0.879622314	0.28978	3316900000						
0.87863464	0.29434	3400800000						
0.877646966	0.29893	3486100000						
0.876619785	0.30355	3572900000						
0.875632111	0.30821	3661300000						
0.874644437	0.3129	3751100000						
0.873617257	0.31762	3842500000						
0.872629583	0.32238	3935400000						
0.871602402	0.32717	4029800000						
0.870614728	0.332	4125900000						
0.869627054	0.33685	4223500000						
0.868599874	0.34174	4322700000						
0.8676122	0.34667	4423500000						
0.866585019	0.35162	4525900000						
0.865597345	0.35661	4630000000						
0.864609671	0.36163	4735700000						
0.863582491	0.36669	4843100000						
0.862594817	0.37178	4952200000						
0.861567636	0.37689	5062900000						
0.860579962	0.38205	5175400000						
0.859592288	0.38723	5289600000						
0.858565107	0.39244	5405600000						
0.857577434	0.39769	5523300000						
0.85658976	0.40297	5642700000						
0.855562579	0.40828	5764000000						
0.854574905	0.41362	5887000000						
0.853547724	0.419	6011900000						
0.852560051	0.4244	6138500000						
0.851572377	0.42984	6267000000						
0.850545196	0.43531	6397400000						
0.849557522	0.44081	6529700000						
0.848530341	0.44634	6663800000						
0.847542668	0.4519	6799800000						
0.846554994	0.45749	6937700000						
0.845527813	0.46311	7077600000						
0.844540139	0.46876	7219400000						
0.843512958	0.47445	7363100000						
0.842525284	0.48016	7508800000						
0.841537611	0.4859	7656500000						
0.84051043	0.49168	7806200000						
0.839522756	0.49748	7957900000						
0.838535082	0.50331	8111600000						
0.837507901	0.50918	8267400000						
0.836520228	0.51507	8425200000						
0.835493047	0.52099	8585100000						
0.834505373	0.52694	8747000000						
0.833517699	0.53292	8911100000						
0.832490518	0.53893	9077200000						
0.831502845	0.54497	9245500000						
0.830475664	0.55103	9415900000						
0.82948799	0.55713	9588500000						
0.828500316	0.56325	9763200000						
0.827473135	0.56941	9940100000						
0.826485461	0.57559	10119000000						
0.825458281	0.5818	10301000000						
0.824470607	0.58803	10484000000						
0.823482933	0.5943	10670000000						
0.822455752	0.60059	10858000000						
0.821468078	0.60691	11048000000						
0.820480405	0.61326	11241000000						
0.819453224	0.61963	11435000000						
0.81846555	0.62603	11633000000						
0.817438369	0.63246	11832000000						
0.816450695	0.63892	12034000000						
0.815463021	0.6454	12238000000						
0.814435841	0.65191	12444000000						
0.813448167	0.65845	12653000000						
0.812420986	0.66501	12864000000						
0.811433312	0.6716	13078000000						
0.810445638	0.67821	13294000000						
0.809418458	0.68485	13512000000						
0.808430784	0.69152	13733000000						
0.80744311	0.69821	13957000000						
0.806415929	0.70493	14182000000						
0.805428255	0.71167	14411000000						
0.804401075	0.71844	14641000000						
0.803413401	0.72523	14874000000						
0.802425727	0.73205	15110000000						
0.801398546	0.73889	15348000000						
0.800410872	0.74576	15589000000						
0.799383692	0.75265	15833000000						
0.798396018	0.75957	16078000000						
0.797408344	0.76651	16327000000						
0.796381163	0.77347	16578000000						
0.795393489	0.78046	16832000000						
0.794366308	0.78747	17088000000						
0.793378635	0.79451	17347000000						
0.792390961	0.80157	17608000000						
0.79136378	0.80865	17872000000						
0.790376106	0.81576	18139000000						
0.789388432	0.82289	18409000000						
0.788361252	0.83004	18681000000						
0.787373578	0.83721	18956000000						
0.786346397	0.84441	19233000000						
0.785358723	0.85163	19513000000						
0.784371049	0.85887	19796000000						
0.783343869	0.86613	20082000000						
0.782356195	0.87342	20371000000						
0.781329014	0.88072	20662000000						
0.78034134	0.88805	20956000000						
0.779353666	0.8954	21253000000						
0.778326485	0.90278	21552000000						
0.777338812	0.91017	21855000000						
0.776311631	0.91758	22160000000						
0.775323957	0.92502	22468000000						
0.774336283	0.93247	22779000000						
0.773309102	0.93995	23092000000						
0.772321429	0.94744	23409000000						
0.771333755	0.95496	23728000000						
0.770306574	0.96249	24051000000						
0.7693189	0.97005	24376000000						
0.768291719	0.97762	24704000000						
0.767304046	0.98522	25035000000						
0.766316372	0.99283	25369000000						
0.765289191	1.0005	25706000000						
0.764301517	1.0081	26046000000						
0.763274336	1.0158	26389000000						
0.762286662	1.0235	26734000000						
0.761298989	1.0312	27083000000						
0.760271808	1.0389	27435000000						
0.759284134	1.0467	27789000000						
0.758256953	1.0544	28147000000						
0.757269279	1.0622	28508000000						
0.756281606	1.07	28871000000						
0.755254425	1.0778	29238000000						
0.754266751	1.0857	29608000000						
0.753279077	1.0935	29981000000						
0.752251896	1.1014	30356000000						
0.751264223	1.1093	30735000000						
0.750237042	1.1172	31117000000						
0.749249368	1.1251	31502000000						
0.748261694	1.133	31890000000						
0.747234513	1.141	32282000000						
0.746246839	1.1489	32676000000						
0.745219659	1.1569	33073000000						
0.744231985	1.1649	33474000000						
0.743244311	1.1729	33878000000						
0.74221713	1.181	34284000000						
0.741229456	1.189	34694000000						
0.740202276	1.1971	35107000000						
0.739214602	1.2051	35524000000						
0.738226928	1.2132	35943000000						
0.737199747	1.2213	36366000000						
0.736212073	1.2295	36791000000						
0.735224399	1.2376	37220000000						
0.734197219	1.2457	37652000000						
0.733209545	1.2539	38088000000						
0.732182364	1.2621	38526000000						
0.73119469	1.2703	38968000000						
0.730207016	1.2785	39413000000						
0.729179836	1.2867	39861000000						
0.728192162	1.2949	40312000000						
0.727164981	1.3032	40767000000						
0.726177307	1.3114	41225000000						
0.725189633	1.3197	41686000000						
0.724162453	1.328	42150000000						
0.723174779	1.3362	42618000000						
0.722187105	1.3445	43089000000						
0.721159924	1.3529	43563000000						
0.72017225	1.3612	44040000000						
0.71914507	1.3695	44521000000						
0.718157396	1.3779	45005000000						
0.717169722	1.3862	45492000000						
0.716142541	1.3946	45983000000						
0.715154867	1.403	46476000000						
0.714127686	1.4114	46974000000						
0.713140013	1.4198	47474000000						
0.712152339	1.4282	47978000000						
0.711125158	1.4366	48485000000						
0.710137484	1.4451	48995000000						
0.709110303	1.4535	49509000000						
0.70812263	1.462	50026000000						
0.707134956	1.4704	50546000000						
0.706107775	1.4789	51070000000						
0.705120101	1.4874	51597000000						
0.704132427	1.4959	52127000000						
0.703105247	1.5044	52661000000						
0.702117573	1.5129	53198000000						
0.701090392	1.5214	53738000000						
0.700102718	1.5299	54282000000						
0.699115044	1.5385	54829000000						
0.698087863	1.547	55379000000						
0.69710019	1.5555	55933000000						
0.696073009	1.5641	56490000000						
0.695085335	1.5727	57051000000						
0.694097661	1.5812	57615000000						
0.69307048	1.5898	58182000000						
0.692082807	1.5984	58752000000						
0.691055626	1.607	59326000000						
0.690067952	1.6156	59904000000						
0.689080278	1.6242	60484000000						
0.688053097	1.6328	61068000000						
0.687065424	1.6414	61656000000						
0.68607775	1.6501	62247000000						
0.685050569	1.6587	62841000000						
0.684062895	1.6673	63438000000						
0.683035714	1.676	64039000000						
0.68204804	1.6846	64643000000						
0.681060367	1.6933	65251000000						
0.680033186	1.7019	65862000000						
0.679045512	1.7106	66476000000						
0.678018331	1.7192	67094000000						
0.677030657	1.7279	67715000000						
0.676042984	1.7366	68340000000						
0.675015803	1.7453	68968000000						
0.674028129	1.754	69599000000						
0.673000948	1.7626	70233000000						
0.672013274	1.7713	70871000000						
0.671025601	1.78	71513000000						
0.66999842	1.7887	72157000000						
0.669010746	1.7974	72805000000						
0.668023072	1.8061	73457000000						
0.666995891	1.8148	74112000000						
0.666008217	1.8235	74770000000						
0.664981037	1.8322	75431000000						
0.663993363	1.841	76096000000						
0.663005689	1.8497	76764000000						
0.661978508	1.8584	77436000000						
0.660990834	1.8671	78111000000						
0.659963654	1.8758	78789000000						
0.65897598	1.8846	79470000000						
0.657988306	1.8933	80155000000						
0.656961125	1.902	80843000000						
0.655973451	1.9107	81535000000						
0.654946271	1.9195	82230000000						
0.653958597	1.9282	82928000000						
0.652970923	1.9369	83629000000						
0.651943742	1.9456	84334000000						
0.650956068	1.9544	85042000000						
0.649968394	1.9631	85754000000						
0.648941214	1.9718	86469000000						
0.64795354	1.9806	87187000000						
0.646926359	1.9893	87908000000						
0.645938685	1.998	88633000000						
0.644951011	2.0067	89361000000						
0.643923831	2.0155	90092000000						
0.642936157	2.0242	90826000000						
0.641908976	2.0329	91564000000						
0.640921302	2.0416	92305000000						
0.639933628	2.0504	93049000000						
0.638906448	2.0591	93797000000						
0.637918774	2.0678	94547000000						
0.6369311	2.0765	95301000000						
0.635903919	2.0852	96059000000						
0.634916245	2.0939	96819000000						
0.633889064	2.1026	97583000000						
0.632901391	2.1113	98350000000						
0.631913717	2.12	99120000000						
0.630886536	2.1287	99893000000						
0.629898862	2.1374	1.0067E+11						
0.628871681	2.1461	1.0145E+11						
0.627884008	2.1548	1.0223E+11						
0.626896334	2.1635	1.0302E+11						
0.625869153	2.1722	1.0381E+11						
0.624881479	2.1809	1.046E+11						
0.623854298	2.1895	1.054E+11						
0.622866625	2.1982	1.0619E+11						
0.621878951	2.2069	1.07E+11						
0.62085177	2.2155	1.078E+11						
0.619864096	2.2242	1.0861E+11						
0.618876422	2.2329	1.0942E+11						
0.617849241	2.2415	1.1023E+11						
0.616861568	2.2501	1.1105E+11						
0.615834387	2.2588	1.1187E+11						
0.614846713	2.2674	1.127E+11						
0.613859039	2.276	1.1352E+11						
0.612831858	2.2847	1.1435E+11						
0.611844185	2.2933	1.1518E+11						
0.610817004	2.3019	1.1602E+11						
0.60982933	2.3105	1.1686E+11						
0.608841656	2.3191	1.177E+11						
0.607814475	2.3277	1.1854E+11						
0.606826802	2.3363	1.1939E+11						
0.605799621	2.3448	1.2024E+11						
0.604811947	2.3534	1.211E+11						
0.603824273	2.362	1.2195E+11						
0.602797092	2.3705	1.2281E+11						
0.601809418	2.3791	1.2368E+11						
0.600821745	2.3876	1.2454E+11						
0.599794564	2.3962	1.2541E+11						
0.59880689	2.4047	1.2628E+11						
0.597779709	2.4132	1.2716E+11						
0.596792035	2.4217	1.2803E+11						
0.595804362	2.4302	1.2891E+11						
0.594777181	2.4387	1.298E+11						
0.593789507	2.4472	1.3068E+11						
0.592762326	2.4557	1.3157E+11						
0.591774652	2.4642	1.3246E+11						
0.590786979	2.4726	1.3336E+11						
0.589759798	2.4811	1.3425E+11						
0.588772124	2.4895	1.3515E+11						
0.587744943	2.4979	1.3606E+11						
0.586757269	2.5064	1.3696E+11						
0.585769595	2.5148	1.3787E+11						
0.584742415	2.5232	1.3878E+11						
0.583754741	2.5316	1.397E+11						
0.582767067	2.54	1.4061E+11						
0.581739886	2.5483	1.4153E+11						
0.580752212	2.5567	1.4245E+11						
0.579725032	2.5651	1.4338E+11						
0.578737358	2.5734	1.4431E+11						
0.577749684	2.5818	1.4524E+11						
0.576722503	2.5901	1.4617E+11						
0.575734829	2.5984	1.471E+11						
0.574707649	2.6067	1.4804E+11						
0.573719975	2.615	1.4898E+11						
0.572732301	2.6233	1.4992E+11						
0.57170512	2.6315	1.5087E+11						
0.570717446	2.6398	1.5182E+11						
0.569690265	2.648	1.5277E+11						
0.568702592	2.6563	1.5372E+11						
0.567714918	2.6645	1.5468E+11						
0.566687737	2.6727	1.5564E+11						
0.565700063	2.6809	1.566E+11						
0.564712389	2.6891	1.5756E+11						
0.563685209	2.6973	1.5853E+11						
0.562697535	2.7054	1.595E+11						
0.561670354	2.7136	1.6047E+11						
0.56068268	2.7217	1.6144E+11						
0.559695006	2.7299	1.6242E+11						
0.558667826	2.738	1.6339E+11						
0.557680152	2.7461	1.6437E+11						
0.556652971	2.7542	1.6536E+11						
0.555665297	2.7622	1.6634E+11						
0.554677623	2.7703	1.6733E+11						
0.553650442	2.7783	1.6832E+11						
0.552662769	2.7864	1.6931E+11						
0.551675095	2.7944	1.703E+11						
0.550647914	2.8024	1.713E+11						
0.54966024	2.8104	1.723E+11						
0.548633059	2.8184	1.733E+11						
0.547645386	2.8263	1.743E+11						
0.546657712	2.8343	1.7531E+11						
0.545630531	2.8422	1.7632E+11						
0.544642857	2.8501	1.7733E+11						
0.543615676	2.8581	1.7834E+11						
0.542628003	2.8659	1.7935E+11						
0.541640329	2.8738	1.8037E+11						
0.540613148	2.8817	1.8139E+11						
0.539625474	2.8895	1.8241E+11						
0.538598293	2.8974	1.8343E+11						
0.537610619	2.9052	1.8446E+11						
0.536622946	2.913	1.8548E+11						
0.535595765	2.9208	1.8651E+11						
0.534608091	2.9285	1.8754E+11						
0.533620417	2.9363	1.8857E+11						
0.532593236	2.944	1.8961E+11						
0.531605563	2.9518	1.9065E+11						
0.530578382	2.9595	1.9168E+11						
0.529590708	2.9672	1.9273E+11						
0.528603034	2.9748	1.9377E+11						
0.527575853	2.9825	1.9481E+11						
0.52658818	2.9901	1.9586E+11						
0.525560999	2.9978	1.9691E+11						
0.524573325	3.0054	1.9796E+11						
0.523585651	3.013	1.9901E+11						
0.52255847	3.0206	2.0006E+11						
0.521570796	3.0281	2.0112E+11						
0.520543616	3.0357	2.0217E+11						
0.519555942	3.0432	2.0323E+11						
0.518568268	3.0507	2.0429E+11						
0.517541087	3.0582	2.0535E+11						
0.516553413	3.0657	2.0642E+11						
0.51556574	3.0731	2.0748E+11						
0.514538559	3.0806	2.0855E+11						
0.513550885	3.088	2.0962E+11						
0.512523704	3.0954	2.1069E+11						
0.51153603	3.1028	2.1176E+11						
0.510548357	3.1102	2.1283E+11						
0.509521176	3.1175	2.1391E+11						
0.508533502	3.1248	2.1499E+11						
0.507506321	3.1322	2.1606E+11						
0.506518647	3.1395	2.1714E+11						
0.505530973	3.1467	2.1822E+11						
0.504503793	3.154	2.1931E+11						
0.503516119	3.1612	2.2039E+11						
0.502488938	3.1685	2.2148E+11						
0.501501264	3.1757	2.2256E+11						
0.50051359	3.1829	2.2365E+11						
0.49948641	3.19	2.2474E+11						
0.498498736	3.1972	2.2583E+11						
0.497511062	3.2043	2.2692E+11						
0.496483881	3.2114	2.2802E+11						
0.495496207	3.2185	2.2911E+11						
0.494469027	3.2256	2.3021E+11						
0.493481353	3.2327	2.313E+11						
0.492493679	3.2397	2.324E+11						
0.491466498	3.2467	2.335E+11						
0.490478824	3.2537	2.346E+11						
0.489451643	3.2607	2.357E+11						
0.48846397	3.2676	2.3681E+11						
0.487476296	3.2746	2.3791E+11						
0.486449115	3.2815	2.3902E+11						
0.485461441	3.2884	2.4012E+11						
0.484473767	3.2953	2.4123E+11						
0.483446587	3.3021	2.4234E+11						
0.482458913	3.309	2.4345E+11						
0.481431732	3.3158	2.4456E+11						
0.480444058	3.3226	2.4567E+11						
0.479456384	3.3294	2.4678E+11						
0.478429204	3.3361	2.479E+11						
0.47744153	3.3429	2.4901E+11						
0.476414349	3.3496	2.5013E+11						
0.475426675	3.3563	2.5124E+11						
0.474439001	3.363	2.5236E+11						
0.47341182	3.3696	2.5348E+11						
0.472424147	3.3763	2.546E+11						
0.471396966	3.3829	2.5572E+11						
0.470409292	3.3895	2.5684E+11						
0.469421618	3.396	2.5796E+11						
0.468394437	3.4026	2.5908E+11						
0.467406764	3.4091	2.602E+11						
0.46641909	3.4156	2.6133E+11						
0.465391909	3.4221	2.6245E+11						
0.464404235	3.4286	2.6357E+11						
0.463377054	3.435	2.647E+11						
0.462389381	3.4415	2.6582E+11						
0.461401707	3.4479	2.6695E+11						
0.460374526	3.4543	2.6808E+11						
0.459386852	3.4606	2.6921E+11						
0.458359671	3.467	2.7033E+11						
0.457371997	3.4733	2.7146E+11						
0.456384324	3.4796	2.7259E+11						
0.455357143	3.4859	2.7372E+11						
0.454369469	3.4921	2.7485E+11						
0.453342288	3.4984	2.7598E+11						
0.452354614	3.5046	2.7711E+11						
0.451366941	3.5108	2.7824E+11						
0.45033976	3.5169	2.7938E+11						
0.449352086	3.5231	2.8051E+11						
0.448364412	3.5292	2.8164E+11						
0.447337231	3.5353	2.8277E+11						
0.446349558	3.5414	2.8391E+11						
0.445322377	3.5474	2.8504E+11						
0.444334703	3.5535	2.8617E+11						
0.443347029	3.5595	2.8731E+11						
0.442319848	3.5655	2.8844E+11						
0.441332174	3.5715	2.8957E+11						
0.440304994	3.5774	2.9071E+11						
0.43931732	3.5833	2.9184E+11						
0.438329646	3.5892	2.9298E+11						
0.437302465	3.5951	2.9411E+11						
0.436314791	3.601	2.9525E+11						
0.435287611	3.6068	2.9638E+11						
0.434299937	3.6126	2.9752E+11						
0.433312263	3.6184	2.9865E+11						
0.432285082	3.6242	2.9979E+11						
0.431297408	3.6299	3.0092E+11						
0.430309735	3.6357	3.0206E+11						
0.429282554	3.6414	3.0319E+11						
0.42829488	3.647	3.0433E+11						
0.427267699	3.6527	3.0546E+11						
0.426280025	3.6583	3.066E+11						
0.425292351	3.6639	3.0773E+11						
0.424265171	3.6695	3.0886E+11						
0.423277497	3.6751	3.1E+11						
0.422250316	3.6806	3.1113E+11						
0.421262642	3.6861	3.1227E+11						
0.420274968	3.6916	3.134E+11						
0.419247788	3.6971	3.1453E+11						
0.418260114	3.7026	3.1567E+11						
0.417232933	3.708	3.168E+11						
0.416245259	3.7134	3.1793E+11						
0.415257585	3.7188	3.1906E+11						
0.414230405	3.7241	3.2019E+11						
0.413242731	3.7295	3.2133E+11						
0.412255057	3.7348	3.2246E+11						
0.411227876	3.7401	3.2359E+11						
0.410240202	3.7453	3.2472E+11						
0.409213021	3.7506	3.2585E+11						
0.408225348	3.7558	3.2698E+11						
0.407237674	3.761	3.281E+11						
0.406210493	3.7662	3.2923E+11						
0.405222819	3.7713	3.3036E+11						
0.404195638	3.7765	3.3149E+11						
0.403207965	3.7816	3.3261E+11						
0.402220291	3.7866	3.3374E+11						
0.40119311	3.7917	3.3486E+11						
0.400205436	3.7967	3.3599E+11						
0.399217762	3.8018	3.3711E+11						
0.398190582	3.8067	3.3824E+11						
0.397202908	3.8117	3.3936E+11						
0.396175727	3.8167	3.4048E+11						
0.395188053	3.8216	3.416E+11						
0.394184576	3.8265	3.4272E+11						
0.3931811	3.8313	3.4384E+11						
0.392177623	3.8362	3.4496E+11						
0.391174147	3.841	3.4608E+11						
0.39017067	3.8458	3.472E+11						
0.389167193	3.8506	3.4831E+11						
0.388163717	3.8554	3.4943E+11						
0.38716024	3.8601	3.5054E+11						
0.386160714	3.8648	3.5166E+11						
0.385157238	3.8695	3.5277E+11						
0.384153761	3.8742	3.5388E+11						
0.383150284	3.8788	3.5499E+11						
0.382146808	3.8834	3.561E+11						
0.381143331	3.888	3.5721E+11						
0.380139855	3.8926	3.5832E+11						
0.379136378	3.8971	3.5942E+11						
0.378136852	3.9016	3.6053E+11						
0.377133375	3.9061	3.6164E+11						
0.376129899	3.9106	3.6274E+11						
0.375126422	3.9151	3.6384E+11						
0.374122946	3.9195	3.6494E+11						
0.373119469	3.9239	3.6604E+11						
0.372115992	3.9283	3.6714E+11						
0.371112516	3.9327	3.6824E+11						
0.370109039	3.937	3.6934E+11						
0.369109513	3.9413	3.7043E+11						
0.368106037	3.9456	3.7153E+11						
0.36710256	3.9499	3.7262E+11						
0.366099083	3.9541	3.7371E+11						
0.365095607	3.9584	3.748E+11						
0.36409213	3.9626	3.7589E+11						
0.363088654	3.9667	3.7698E+11						
0.362085177	3.9709	3.7807E+11						
0.361085651	3.975	3.7915E+11						
0.360082174	3.9791	3.8023E+11						
0.359078698	3.9832	3.8132E+11						
0.358075221	3.9873	3.824E+11						
0.357071745	3.9913	3.8348E+11						
0.356068268	3.9953	3.8456E+11						
0.355064791	3.9993	3.8563E+11						
0.354061315	4.0033	3.8671E+11						
0.353057838	4.0072	3.8778E+11						
0.352058312	4.0112	3.8885E+11						
0.351054836	4.0151	3.8992E+11						
0.350051359	4.0189	3.9099E+11						
0.349047882	4.0228	3.9206E+11						
0.348044406	4.0266	3.9313E+11						
0.347040929	4.0304	3.9419E+11						
0.346037453	4.0342	3.9525E+11						
0.345033976	4.038	3.9631E+11						
0.34403445	4.0417	3.9737E+11						
0.343030973	4.0454	3.9843E+11						
0.342027497	4.0491	3.9949E+11						
0.34102402	4.0528	4.0054E+11						
0.340020544	4.0565	4.0159E+11						
0.339017067	4.0601	4.0265E+11						
0.33801359	4.0637	4.0369E+11						
0.337010114	4.0673	4.0474E+11						
0.336006637	4.0709	4.0579E+11						
0.335007111	4.0744	4.0683E+11						
0.334003635	4.0779	4.0787E+11						
0.333000158	4.0814	4.0891E+11						
0.331996681	4.0849	4.0995E+11						
0.330993205	4.0883	4.1099E+11						
0.329989728	4.0918	4.1202E+11						
0.328986252	4.0952	4.1306E+11						
0.327982775	4.0985	4.1409E+11						
0.326983249	4.1019	4.1512E+11						
0.325979772	4.1052	4.1614E+11						
0.324976296	4.1086	4.1717E+11						
0.323972819	4.1119	4.1819E+11						
0.322969343	4.1151	4.1921E+11						
0.321965866	4.1184	4.2023E+11						
0.320962389	4.1216	4.2125E+11						
0.319958913	4.1248	4.2226E+11						
0.318955436	4.128	4.2328E+11						
0.31795591	4.1312	4.2429E+11						
0.316952434	4.1343	4.253E+11						
0.315948957	4.1374	4.263E+11						
0.31494548	4.1405	4.2731E+11						
0.313942004	4.1436	4.2831E+11						
0.312938527	4.1467	4.2931E+11						
0.311935051	4.1497	4.3031E+11						
0.310931574	4.1527	4.3131E+11						
0.309932048	4.1557	4.323E+11						
0.308928571	4.1587	4.3329E+11						
0.307925095	4.1616	4.3428E+11						
0.306921618	4.1646	4.3527E+11						
0.305918142	4.1675	4.3626E+11						
0.304914665	4.1704	4.3724E+11						
0.303911188	4.1732	4.3822E+11						
0.302907712	4.1761	4.392E+11						
0.301904235	4.1789	4.4018E+11						
0.300904709	4.1817	4.4115E+11						
0.299901233	4.1845	4.4212E+11						
0.298897756	4.1872	4.4309E+11						
0.297894279	4.19	4.4406E+11						
0.296890803	4.1927	4.4502E+11						
0.295887326	4.1954	4.4599E+11						
0.29488385	4.1981	4.4695E+11						
0.293880373	4.2007	4.479E+11						
0.292880847	4.2034	4.4886E+11						
0.29187737	4.206	4.4981E+11						
0.290873894	4.2086	4.5076E+11						
0.289870417	4.2112	4.5171E+11						
0.288866941	4.2137	4.5266E+11						
0.287863464	4.2163	4.536E+11						
0.286859987	4.2188	4.5454E+11						
0.285856511	4.2213	4.5548E+11						
0.284853034	4.2237	4.5641E+11						
0.283853508	4.2262	4.5735E+11						
0.282850032	4.2286	4.5828E+11						
0.281846555	4.2311	4.5921E+11						
0.280843078	4.2334	4.6013E+11						
0.279839602	4.2358	4.6105E+11						
0.278836125	4.2382	4.6198E+11						
0.277832649	4.2405	4.6289E+11						
0.276829172	4.2428	4.6381E+11						
0.275829646	4.2451	4.6472E+11						
0.274826169	4.2474	4.6563E+11						
0.273822693	4.2497	4.6654E+11						
0.272819216	4.2519	4.6744E+11						
0.27181574	4.2541	4.6835E+11						
0.270812263	4.2563	4.6925E+11						
0.269808786	4.2585	4.7014E+11						
0.26880531	4.2607	4.7104E+11						
0.267801833	4.2628	4.7193E+11						
0.266802307	4.265	4.7282E+11						
0.265798831	4.2671	4.7371E+11						
0.264795354	4.2692	4.7459E+11						
0.263791877	4.2712	4.7547E+11						
0.262788401	4.2733	4.7635E+11						
0.261784924	4.2753	4.7722E+11						
0.260781448	4.2773	4.781E+11						
0.259777971	4.2793	4.7897E+11						
0.258778445	4.2813	4.7983E+11						
0.257774968	4.2833	4.807E+11						
0.256771492	4.2852	4.8156E+11						
0.255768015	4.2871	4.8242E+11						
0.254764539	4.289	4.8327E+11						
0.253761062	4.2909	4.8413E+11						
0.252757585	4.2928	4.8498E+11						
0.251754109	4.2947	4.8582E+11						
0.250754583	4.2965	4.8667E+11						
0.249751106	4.2983	4.8751E+11						
0.24874763	4.3001	4.8835E+11						
0.247744153	4.3019	4.8919E+11						
0.246740676	4.3037	4.9002E+11						
0.2457372	4.3054	4.9085E+11						
0.244733723	4.3071	4.9168E+11						
0.243730247	4.3088	4.925E+11						
0.24272677	4.3105	4.9332E+11						
0.241727244	4.3122	4.9414E+11						
0.240723767	4.3139	4.9496E+11						
0.239720291	4.3155	4.9577E+11						
0.238716814	4.3172	4.9658E+11						
0.237713338	4.3188	4.9739E+11						
0.236709861	4.3204	4.9819E+11						
0.235706384	4.322	4.9899E+11						
0.234702908	4.3235	4.9979E+11						
0.233703382	4.3251	5.0058E+11						
0.232699905	4.3266	5.0138E+11						
0.231696429	4.3281	5.0217E+11						
0.230692952	4.3296	5.0295E+11						
0.229689475	4.3311	5.0373E+11						
0.228685999	4.3326	5.0451E+11						
0.227682522	4.334	5.0529E+11						
0.226679046	4.3354	5.0606E+11						
0.225675569	4.3369	5.0684E+11						
0.224676043	4.3383	5.076E+11						
0.223672566	4.3397	5.0837E+11						
0.22266909	4.341	5.0913E+11						
0.221665613	4.3424	5.0989E+11						
0.220662137	4.3437	5.1064E+11						
0.21965866	4.3451	5.1139E+11						
0.218655183	4.3464	5.1214E+11						
0.217651707	4.3477	5.1289E+11						
0.216652181	4.349	5.1363E+11						
0.215648704	4.3502	5.1437E+11						
0.214645228	4.3515	5.1511E+11						
0.213641751	4.3527	5.1584E+11						
0.212638274	4.3539	5.1657E+11						
0.211634798	4.3552	5.173E+11						
0.210631321	4.3563	5.1802E+11						
0.209627845	4.3575	5.1875E+11						
0.208624368	4.3587	5.1946E+11						
0.207624842	4.3598	5.2018E+11						
0.206621365	4.361	5.2089E+11						
0.205617889	4.3621	5.216E+11						
0.204614412	4.3632	5.223E+11						
0.203610936	4.3643	5.23E+11						
0.202607459	4.3654	5.237E+11						
0.201603982	4.3665	5.244E+11						
0.200600506	4.3675	5.2509E+11						
0.19960098	4.3686	5.2578E+11						
0.198597503	4.3696	5.2647E+11						
0.197594027	4.3706	5.2715E+11						
0.19659055	4.3716	5.2783E+11						
0.195587073	4.3726	5.285E+11						
0.194583597	4.3736	5.2918E+11						
0.19358012	4.3746	5.2985E+11						
0.192576643	4.3755	5.3051E+11						
0.191573167	4.3764	5.3117E+11						
0.190573641	4.3774	5.3183E+11						
0.189570164	4.3783	5.3249E+11						
0.188566688	4.3792	5.3314E+11						
0.187563211	4.3801	5.3379E+11						
0.186559735	4.381	5.3444E+11						
0.185556258	4.3818	5.3508E+11						
0.184552781	4.3827	5.3572E+11						
0.183549305	4.3835	5.3636E+11						
0.182549779	4.3843	5.3699E+11						
0.181546302	4.3852	5.3763E+11						
0.180542826	4.386	5.3825E+11						
0.179539349	4.3868	5.3888E+11						
0.178535872	4.3875	5.395E+11						
0.177532396	4.3883	5.4011E+11						
0.176528919	4.3891	5.4073E+11						
0.175525442	4.3898	5.4134E+11						
0.174521966	4.3906	5.4194E+11						
0.17352244	4.3913	5.4255E+11						
0.172518963	4.392	5.4315E+11						
0.171515487	4.3927	5.4374E+11						
0.17051201	4.3934	5.4434E+11						
0.169508534	4.3941	5.4493E+11						
0.168505057	4.3948	5.4551E+11						
0.16750158	4.3954	5.461E+11						
0.166498104	4.3961	5.4668E+11						
0.165498578	4.3967	5.4726E+11						
0.164495101	4.3973	5.4783E+11						
0.163491625	4.398	5.484E+11						
0.162488148	4.3986	5.4897E+11						
0.161484671	4.3992	5.4953E+11						
0.160481195	4.3998	5.5009E+11						
0.159477718	4.4004	5.5064E+11						
0.158474241	4.4009	5.512E+11						
0.157470765	4.4015	5.5175E+11						
0.156471239	4.402	5.5229E+11						
0.155467762	4.4026	5.5284E+11						
0.154464286	4.4031	5.5338E+11						
0.153460809	4.4036	5.5391E+11						
0.152457332	4.4042	5.5444E+11						
0.151453856	4.4047	5.5497E+11						
0.150450379	4.4052	5.555E+11						
0.149446903	4.4057	5.5602E+11						
0.148447377	4.4061	5.5654E+11						
0.1474439	4.4066	5.5706E+11						
0.146440424	4.4071	5.5757E+11						
0.145436947	4.4075	5.5808E+11						
0.14443347	4.408	5.5858E+11						
0.143429994	4.4084	5.5908E+11						
0.142426517	4.4088	5.5958E+11						
0.14142304	4.4093	5.6008E+11						
0.140419564	4.4097	5.6057E+11						
0.139420038	4.4101	5.6106E+11						
0.138416561	4.4105	5.6154E+11						
0.137413085	4.4109	5.6202E+11						
0.136409608	4.4113	5.625E+11						
0.135406131	4.4116	5.6298E+11						
0.134402655	4.412	5.6345E+11						
0.133399178	4.4124	5.6391E+11						
0.132395702	4.4127	5.6438E+11						
0.131396176	4.4131	5.6484E+11						
0.130392699	4.4134	5.653E+11						
0.129389223	4.4137	5.6575E+11						
0.128385746	4.4141	5.662E+11						
0.127382269	4.4144	5.6665E+11						
0.126378793	4.4147	5.6709E+11						
0.125375316	4.415	5.6753E+11						
0.124371839	4.4153	5.6796E+11						
0.123368363	4.4156	5.684E+11						
0.122368837	4.4159	5.6883E+11						
0.12136536	4.4161	5.6925E+11						
0.120361884	4.4164	5.6967E+11						
0.119358407	4.4167	5.7009E+11						
0.11835493	4.4169	5.7051E+11						
0.117351454	4.4172	5.7092E+11						
0.116347977	4.4175	5.7133E+11						
0.115344501	4.4177	5.7173E+11						
0.114344975	4.4179	5.7214E+11						
0.113341498	4.4182	5.7253E+11						
0.112338021	4.4184	5.7293E+11						
0.111334545	4.4186	5.7332E+11						
0.110331068	4.4188	5.7371E+11						
0.109327592	4.419	5.7409E+11						
0.108324115	4.4192	5.7447E+11						
0.107320638	4.4194	5.7485E+11						
0.106317162	4.4196	5.7522E+11						
0.105317636	4.4198	5.7559E+11						
0.104314159	4.42	5.7596E+11						
0.103310683	4.4202	5.7632E+11						
0.102307206	4.4203	5.7668E+11						
0.101303729	4.4205	5.7704E+11						
0.100300253	4.4207	5.7739E+11						
0.099296776	4.4208	5.7774E+11						
0.0982933	4.421	5.7808E+11						
0.097293774	4.4212	5.7843E+11						
0.096290297	4.4213	5.7877E+11						
0.09528682	4.4214	5.791E+11						
0.094283344	4.4216	5.7943E+11						
0.093279867	4.4217	5.7976E+11						
0.092276391	4.4218	5.8009E+11						
0.091272914	4.422	5.8041E+11						
0.090269437	4.4221	5.8072E+11						
0.089265961	4.4222	5.8104E+11						
0.088266435	4.4223	5.8135E+11						
0.087262958	4.4224	5.8166E+11						
0.086259482	4.4225	5.8196E+11						
0.085256005	4.4227	5.8226E+11						
0.084252528	4.4228	5.8256E+11						
0.083249052	4.4228	5.8285E+11						
0.082245575	4.4229	5.8314E+11						
0.081242099	4.423	5.8342E+11						
0.080242573	4.4231	5.8371E+11						
0.079239096	4.4232	5.8399E+11						
0.078235619	4.4233	5.8426E+11						
0.077232143	4.4234	5.8453E+11						
0.076228666	4.4234	5.848E+11						
0.07522519	4.4235	5.8507E+11						
0.074221713	4.4236	5.8533E+11						
0.073218236	4.4237	5.8559E+11						
0.07221871	4.4237	5.8584E+11						
0.071215234	4.4238	5.8609E+11						
0.070211757	4.4238	5.8634E+11						
0.069208281	4.4239	5.8658E+11						
0.068204804	4.424	5.8682E+11						
0.067201327	4.424	5.8706E+11						
0.066197851	4.4241	5.873E+11						
0.065194374	4.4241	5.8753E+11						
0.064190898	4.4242	5.8775E+11						
0.063191372	4.4242	5.8797E+11						
0.062187895	4.4242	5.8819E+11						
0.061184418	4.4243	5.8841E+11						
0.060180942	4.4243	5.8862E+11						
0.059177465	4.4244	5.8883E+11						
0.058173989	4.4244	5.8904E+11						
0.057170512	4.4244	5.8924E+11						
0.056167035	4.4245	5.8944E+11						
0.055167509	4.4245	5.8963E+11						
0.054164033	4.4245	5.8983E+11						
0.053160556	4.4245	5.9001E+11						
0.05215708	4.4246	5.902E+11						
0.051153603	4.4246	5.9038E+11						
0.050150126	4.4246	5.9056E+11						
0.04914665	4.4246	5.9073E+11						
0.048143173	4.4247	5.909E+11						
0.047139697	4.4247	5.9107E+11						
0.046140171	4.4247	5.9123E+11						
0.045136694	4.4247	5.9139E+11						
0.044133217	4.4247	5.9155E+11						
0.043129741	4.4247	5.917E+11						
0.042126264	4.4248	5.9185E+11						
0.041122788	4.4248	5.92E+11						
0.040119311	4.4248	5.9214E+11						
0.039117415	4.4248	5.9228E+11						
0.038114333	4.4248	5.9242E+11						
0.037111252	4.4248	5.9255E+11						
0.036108565	4.4248	5.9268E+11						
0.035105484	4.4248	5.9281E+11						
0.034102402	4.4248	5.9293E+11						
0.03309932	4.4249	5.9305E+11						
0.032096239	4.4249	5.9317E+11						
0.031093157	4.4249	5.9328E+11						
0.030090471	4.4249	5.9339E+11						
0.029087389	4.4249	5.935E+11						
0.028084308	4.4249	5.936E+11						
0.027081226	4.4249	5.937E+11						
0.026078145	4.4249	5.938E+11						
0.025075458	4.4249	5.9389E+11						
0.024072377	4.4249	5.9398E+11						
0.023069295	4.4249	5.9407E+11						
0.022066214	4.4249	5.9415E+11						
0.021063132	4.4249	5.9423E+11						
0.020060051	4.4249	5.9431E+11						
0.019057364	4.4249	5.9439E+11						
0.018054283	4.4249	5.9446E+11						
0.017051201	4.4249	5.9454E+11						
0.016048119	4.4249	5.9461E+11						
0.015045038	4.4249	5.9467E+11						
0.014041956	4.4249	5.9474E+11						
0.01303927	4.4249	5.9481E+11						
0.012036188	4.4249	5.9487E+11						
0.011033107	4.4249	5.9494E+11						
0.010030025	4.4249	5.9501E+11						
0.009026944	4.4249	5.9508E+11						
0.008024257	4.4249	5.9516E+11						
0.007021176	4.4249	5.9526E+11						
0.006018094	4.4249	5.9537E+11						
0.005015013	4.4249	5.9553E+11						
0.004011931	4.4249	5.9575E+11						
0.003009047	4.4249	5.9614E+11						
0.002006005	4.4249	5.97E+11						
0.001003003	4.4249	6.004E+11						
								